%% Create Hitachi data variables.

% Tin.
Tin = [-15:5:25]';
Tin = [Tin; Tin; Tin];

% Tout.
Tout = [40 * ones(9, 1); 50 * ones(9, 1); 60 * ones(9, 1)];

% COP.
heat1 = [400, 467, 530, 625, 729, 850, 995, 1140, 1320]';
heat2 = [375, 442, 512, 595, 680, 795, 920, 1060, 1220]';
heat3 = [360, 410, 478, 553, 630, 728, 850, 972, 1110]';
heat = [heat1; heat2; heat3];
power1 = [151, 156, 162, 165, 165, 163, 159, 155, 144]';
power2 = [167, 174, 181, 188, 192, 195, 195, 194, 190]';
power3 = [183, 193, 205, 212, 220, 226, 231, 235, 233]';
power = [power1; power2; power3];

COP = heat ./ power;